3.115835709075475179e+01 3.469062152638026930e+01 6.564251998702620661e+00 0.000000000000000000e+00
1.355286708892230081e+02 2.465263471345096136e+01 6.668199330176136641e+00 1.000000000000000000e+00
1.292794181057086575e+02 6.737444918832312624e+01 6.117148370917997013e+00 2.000000000000000000e+00
9.365484958118695147e+01 8.542541349271272111e+01 5.566673783128393893e+00 3.000000000000000000e+00
1.110271825629863400e+02 9.777821922937552301e+01 7.258311207103268714e+00 4.000000000000000000e+00
5.309230765474806901e+01 1.278902420115706207e+02 5.824152724775987444e+00 5.000000000000000000e+00
5.448418363043119683e+01 3.977861203232735221e+01 5.092552334691738736e+00 6.000000000000000000e+00
2.158145641820297556e+01 1.431289625736677351e+02 6.096934934160847419e+00 7.000000000000000000e+00
8.860485687035797753e+01 2.967382899540293906e+01 5.116916019599762500e+00 8.000000000000000000e+00
4.477329272876749400e+01 9.896542157022614106e+01 7.132992049803512202e+00 9.000000000000000000e+00
9.561525591179423600e+01 1.264499705677331178e+02 5.877313555437917003e+00 1.000000000000000000e+01
6.060668969020280628e+01 8.690266868610824247e+01 7.887787282682739765e+00 1.100000000000000000e+01
1.200685410738642815e+02 1.345108183590941735e+02 5.545382233796658511e+00 1.200000000000000000e+01
1.260514420930123833e+02 4.188819072246655395e+01 6.553383671332399629e+00 1.300000000000000000e+01
1.279455259355909469e+01 9.644795574156486850e+01 7.766900812053060044e+00 1.400000000000000000e+01
7.511296705972688414e+01 8.671887463471097135e+01 6.250088935934712708e+00 1.500000000000000000e+01
5.277940970177186841e+01 1.133365942899047809e+02 6.010912261507199261e+00 1.600000000000000000e+01
2.953527026693594237e+01 7.956094554566800525e+01 5.241300588433122520e+00 1.700000000000000000e+01
1.368232325482232739e+02 1.249942561062742925e+02 7.919197591589850482e+00 1.800000000000000000e+01
7.467536402498156178e+01 1.422742924348883093e+02 6.009244516387620472e+00 1.900000000000000000e+01
6.183091750454117630e+01 2.359948910380038711e+01 5.683670878795506809e+00 2.000000000000000000e+01
1.458577986483325439e+01 3.538738113966156362e+01 6.117942951863025947e+00 2.100000000000000000e+01
1.201866797543025172e+02 8.280786473459824037e+01 7.368705685144407269e+00 2.200000000000000000e+01
9.720217786426563578e+01 1.019800061775835758e+02 6.895931816883953402e+00 2.300000000000000000e+01
1.417191581701021619e+02 9.967141581001094153e+01 5.337256410783672855e+00 2.400000000000000000e+01
6.680492210658634633e+01 1.028521409303136664e+02 5.075217613787073923e+00 2.500000000000000000e+01
8.835269170772785685e+01 1.389244057979103673e+02 6.208809711988871882e+00 2.600000000000000000e+01
1.098752727086675307e+01 1.342609491519700953e+02 5.140968118442967416e+00 2.700000000000000000e+01
7.790863010431530711e+01 6.232238763195122999e+01 6.795235005678901707e+00 2.800000000000000000e+01
2.085897375262708664e+01 5.265588918346860225e+01 7.838335371316741629e+00 2.900000000000000000e+01
1.173396045107007239e+02 8.692983925469221163e+00 6.003570838197468618e+00 3.000000000000000000e+01
7.027110921621809325e+01 1.169332728451510803e+02 5.766309329290829844e+00 3.100000000000000000e+01
1.146015958363501568e+02 3.411202429821622673e+01 5.558163173654460110e+00 3.200000000000000000e+01
1.264485082187052285e+02 9.971063840684050206e+01 7.593889283926927192e+00 3.300000000000000000e+01
5.557430194176554039e+01 7.224482268804912621e+01 7.012042503985963293e+00 3.400000000000000000e+01
9.737181831729073167e+01 4.377757831205718020e+01 7.748166920667671320e+00 3.500000000000000000e+01
1.149791315363350463e+02 5.145472292747125920e+01 7.070696328898854688e+00 3.600000000000000000e+01
2.102026003097388696e+01 1.857914583193852209e+01 5.470089817661064835e+00 3.700000000000000000e+01
6.774330355186559416e+01 4.838122920098469848e+01 7.936776982430750138e+00 3.800000000000000000e+01
7.208676150797893811e+00 7.761415717296478078e+01 5.263476070918494010e+00 3.900000000000000000e+01
9.491720513698467698e+01 6.218573842317785250e+01 7.968302459400702809e+00 4.000000000000000000e+01
2.872694391604273534e+01 6.647679345111470184e+01 6.582046703002695232e+00 4.100000000000000000e+01
1.393766441536563434e+02 1.432793580018667399e+02 6.228261230833098239e+00 4.200000000000000000e+01
8.825564982237365541e+01 1.146385063883615061e+02 7.892527703281658091e+00 4.300000000000000000e+01
3.181371347224906287e+01 1.076176852729355744e+02 6.681367580603996714e+00 4.400000000000000000e+01
8.363983632784250233e+01 9.904879174048760149e+01 5.993155764567227095e+00 4.500000000000000000e+01
3.579376201610242703e+01 1.921856339305880823e+01 5.703321709740159839e+00 4.600000000000000000e+01
5.766169399700309839e+01 1.036000147696254459e+01 5.189176506990702542e+00 4.700000000000000000e+01
7.776993431932419298e+01 2.358627213869538508e+01 5.148780608586839946e+00 4.800000000000000000e+01
1.403308134991979159e+02 1.292079517109502795e+01 5.255450081720058897e+00 4.900000000000000000e+01
8.208160095561230207e+01 4.640601849278536406e+01 6.307074791268844294e+00 5.000000000000000000e+01
3.038463935383814984e+01 1.243849957442043888e+02 5.457717735814206605e+00 5.100000000000000000e+01
4.332949028967949090e+01 5.535761399264788452e+01 6.456339931550957090e+00 5.200000000000000000e+01
9.004325557705545435e+00 8.546671271965911032e+00 5.379640127566098329e+00 5.300000000000000000e+01
1.118173487874264396e+02 1.260401652534289383e+02 6.066365791739467106e+00 5.400000000000000000e+01
2.722171121742087863e+01 9.296446761881145449e+01 5.962572853141462126e+00 5.500000000000000000e+01
9.588342737868465804e+01 1.879044506225661237e+01 7.405885741714775428e+00 5.600000000000000000e+01
1.372123945964438860e+02 7.857570447507798406e+01 6.562653571258799445e+00 5.700000000000000000e+01
1.685535060900913606e+01 1.144311738812392889e+02 5.526520808693796027e+00 5.800000000000000000e+01
7.320694100122879888e+01 1.052070577568606780e+01 7.077098508432707824e+00 5.900000000000000000e+01
1.197716870279796098e+02 1.121163759392721744e+02 5.871646306615444288e+00 6.000000000000000000e+01
1.054427170614875848e+02 8.028732390561114585e+01 7.045763636130122798e+00 6.100000000000000000e+01
1.147739484008512392e+02 6.747649525664100167e+01 5.610618400538003314e+00 6.200000000000000000e+01
1.206532544615638614e+02 2.310972797386483535e+01 5.167425953712354136e+00 6.300000000000000000e+01
1.055925793587124275e+02 1.133292420781859988e+02 5.316545118456261321e+00 6.400000000000000000e+01
6.935688418770139663e+01 3.396776193437817426e+01 5.073215609798310766e+00 6.500000000000000000e+01
1.294490940447999776e+02 9.676698527522930249e+00 5.315510512126875753e+00 6.600000000000000000e+01
1.425027302223231231e+02 4.376220907352201550e+01 5.315597691500610900e+00 6.700000000000000000e+01
4.308220417667088498e+01 1.217326646793773790e+02 5.738562312204058991e+00 6.800000000000000000e+01
4.899196384831444817e+01 2.066880923514868229e+01 6.700165727750302835e+00 6.900000000000000000e+01
1.419340882414018097e+02 6.650400731710483626e+01 5.824651293222734338e+00 7.000000000000000000e+01
1.053962163650634523e+02 1.412724239775643014e+02 6.424511234388039504e+00 7.100000000000000000e+01
6.069115388349040074e+01 1.442573911511383358e+02 5.556988701534324449e+00 7.200000000000000000e+01
1.053143363046408041e+02 6.562778068677460830e+00 5.589095120168909858e+00 7.300000000000000000e+01
3.845638347713056504e+01 1.399822000145359766e+02 5.921330015499703947e+00 7.400000000000000000e+01
1.297175059323799076e+02 5.466600205284036207e+01 5.173882769872980347e+00 7.500000000000000000e+01
4.401884247861175936e+01 3.323308364749804866e+01 5.478481093380266564e+00 7.600000000000000000e+01
4.162855917132674222e+01 6.771203451042905996e+00 6.708282766109299189e+00 7.700000000000000000e+01
1.009487160530815864e+01 6.622830173247410812e+01 6.214447522478669050e+00 7.800000000000000000e+01
4.001158863430309509e+01 8.286471478362848586e+01 5.655903133641803748e+00 7.900000000000000000e+01
4.306245975534859127e+01 6.922966860878301532e+01 5.588184036324528314e+00 8.000000000000000000e+01
5.772777731704847426e+00 1.438402423239936070e+02 5.069245125031508259e+00 8.100000000000000000e+01
8.806674037505138131e+01 5.812640586006878607e+00 5.757095927322116502e+00 8.200000000000000000e+01
5.748538691056031880e+00 5.129738391781064877e+01 5.467968429737600111e+00 8.300000000000000000e+01
6.519506708870365230e+01 1.295407453302580620e+02 5.427874772915680879e+00 8.400000000000000000e+01
5.656869710357220526e+01 5.861834176244343553e+01 6.515363250751959434e+00 8.500000000000000000e+01
1.902764150984854297e+01 7.413978641948494896e+01 5.124621045919694140e+00 8.600000000000000000e+01
1.229016316100272093e+02 1.242765399526193733e+02 4.377804708363710162e+00 8.700000000000000000e+01
6.633955699970589137e+01 7.128045252019541067e+01 3.527371256023772439e+00 8.800000000000000000e+01
5.470355380365932163e+00 2.991604848188384835e+01 4.145355297728126054e+00 8.900000000000000000e+01
1.403968488885789156e+02 5.494898041662703037e+01 4.617075095925935457e+00 9.000000000000000000e+01
8.735432250848301550e+00 2.185893851657453268e+01 4.335364151149493139e+00 9.100000000000000000e+01
1.700420335936378535e+01 1.275353410913556758e+02 3.218244667786681834e+00 9.200000000000000000e+01
8.333805541379152970e+00 8.623403424658351923e+01 3.246113015464744400e+00 9.300000000000000000e+01
6.054930667888823592e+01 1.196189560340640270e+02 3.622037615605057770e+00 9.400000000000000000e+01
7.766963141978263252e+01 1.084314683203034235e+02 3.604330172400914023e+00 9.500000000000000000e+01
7.762354873581290349e+01 1.303347236653560515e+02 4.195800124285872457e+00 9.600000000000000000e+01
8.437119963164298042e+01 8.066512966478781266e+01 4.105250880284389225e+00 9.700000000000000000e+01
5.171781487628732776e+01 5.029115282347673599e+01 3.022074536733240446e+00 9.800000000000000000e+01
2.983596080256905125e+01 1.031023092345177439e+01 4.545341733167007625e+00 9.900000000000000000e+01
1.467092731917649360e+02 1.137449766935820463e+02 3.116556322971414161e+00 1.000000000000000000e+02
1.262391993687330114e+02 1.425770093872354209e+02 3.048153990224620635e+00 1.010000000000000000e+02
2.036457576163986261e+01 8.320538978850925105e+01 3.705556368634266295e+00 1.020000000000000000e+02
4.975563595870696076e+01 1.389261669521750946e+02 3.405696637916058922e+00 1.030000000000000000e+02
1.353999595018874231e+02 1.129484579309989698e+02 3.518345784456279546e+00 1.040000000000000000e+02
4.328957720402546272e+01 4.395986189941896782e+01 4.640277943279627060e+00 1.050000000000000000e+02
6.593204604566698990e+00 1.252237272280760578e+02 3.688513745752552531e+00 1.060000000000000000e+02
1.036428910561666896e+02 3.220696955913003734e+01 3.429034981275466798e+00 1.070000000000000000e+02
1.346327786943166132e+02 3.621278498098921261e+01 3.025798254431492751e+00 1.080000000000000000e+02
3.054361137548557537e+01 1.342632706692338047e+02 3.267011597648486365e+00 1.090000000000000000e+02
7.373823980776526810e+01 7.363106627433107576e+01 3.953272262664008441e+00 1.100000000000000000e+02
1.050318787026850345e+02 5.638608015414416030e+01 3.305162533699880001e+00 1.110000000000000000e+02
9.383356365325289516e+01 7.585506856722426505e+01 3.978760752872844808e+00 1.120000000000000000e+02
1.094811602813011007e+02 1.665796768215776424e+01 4.760931159092882226e+00 1.130000000000000000e+02
1.459759898913614506e+02 9.017457936208701597e+01 3.629046050848870664e+00 1.140000000000000000e+02
1.457893006815368722e+02 3.049523206303182832e+01 4.132970402722138559e+00 1.150000000000000000e+02
3.444651442926481621e+01 4.733501995168105481e+01 3.428492910878194078e+00 1.160000000000000000e+02
3.496243087466011090e+00 4.280043941101370564e+01 3.078577850204271105e+00 1.170000000000000000e+02
6.298962804709390184e+01 1.109519956790045256e+02 3.430097052849581996e+00 1.180000000000000000e+02
6.703206298471324942e+01 6.310374498253337805e+01 3.099432508313852530e+00 1.190000000000000000e+02
1.376650667815614213e+02 9.003452318291407153e+01 3.427803482134891500e+00 1.200000000000000000e+02
5.225261954064072967e+01 3.005528050402787699e+01 3.139346709386315659e+00 1.210000000000000000e+02
4.019751142264937904e+00 1.059655886139089489e+02 3.707710889806935306e+00 1.220000000000000000e+02
5.498958258739710914e+01 1.039369592329420726e+02 3.252482302196558095e+00 1.230000000000000000e+02
1.075825221820244622e+02 6.249971823841971030e+01 3.046423529476966152e+00 1.240000000000000000e+02
