4.298498123169410392e+05
5.013906584284064593e+05
3.817616658100163913e+05
4.529780848259663326e+05
5.470854327091331361e+05
5.288592020676215179e+05
4.962646662687326316e+05
4.945293348546212073e+05
4.655613330295403139e+05
4.821262732218465535e+05
4.142218157564581488e+05
5.070963364487232175e+05
5.524261043681630399e+05
4.937009839235558757e+05
5.196635219481289387e+05
5.756484349957515951e+05
4.286211891621861141e+05
4.303658980120826745e+05
4.552894866799454903e+05
3.345062146340373438e+05
3.848962081142312963e+05
5.104592628470468335e+05
4.552013787165932008e+05
5.283439625507788733e+05
4.074601308422345901e+05
5.257264623144265497e+05
4.505544739061280852e+05
4.792933002652523573e+05
4.371020814769772696e+05
3.905932123760302784e+05
3.954655763720298419e+05
5.281356703263303498e+05
4.540823934648377472e+05
3.943767516972612939e+05
5.563691893532802351e+05
4.053772610411740025e+05
4.151261401055190945e+05
4.427576114310455741e+05
5.419831633252467727e+05
4.212897545363416430e+05
4.139739138666440267e+05
5.292657931499738479e+05
4.844685476251739892e+05
4.607151593537848676e+05
5.284059352862874512e+05
4.992690450578055461e+05
4.458288255872131558e+05
5.062267503752409248e+05
4.666607582999824081e+05
4.672067378799898433e+05
3.754610542508102953e+05
5.024058362693500239e+05
4.299563958159555332e+05
4.723562739006810589e+05
4.592144688948855037e+05
4.283559392474555643e+05
5.276291882400341565e+05
4.165160047149098245e+05
5.431529498465412762e+05
5.480947223847002024e+05
4.138641891255570808e+05
4.851555209730238421e+05
3.837905385386916460e+05
5.151570013922264334e+05
3.766969423869246966e+05
4.874985101748306188e+05
5.258016811135385651e+05
4.919568086938519264e+05
5.027342715383705217e+05
3.993754552373577026e+05
4.287085158612316009e+05
4.103783873105719103e+05
5.243049223016403848e+05
5.210855116896618856e+05
5.402227406206890009e+05
4.334778743137366255e+05
4.322528816715290886e+05
4.133176250182212098e+05
4.429095491350074299e+05
3.431485188706869958e+05
4.524408864795076079e+05
5.057114455579204950e+05
4.497021769559438108e+05
4.638187604680091608e+05
4.943948703138405690e+05
4.175785983838134562e+05
3.612616083707021899e+05
3.925869083592249081e+05
3.199169514174002106e+05
3.672682691012832802e+05
4.654733277238846058e+05
5.213030278826924623e+05
4.711724043556611286e+05
4.975199471530072042e+05
4.598082067419509985e+05
3.400633416049075895e+05
4.621916386305256165e+05
4.860581913147282903e+05
5.139861362382630468e+05
5.315280636964578880e+05
5.574716078822109848e+05
5.207260655124966288e+05
5.070013451765507925e+05
4.520806334399618790e+05
5.457229548737787409e+05
4.222005689477768028e+05
3.712497990506030619e+05
4.899702807287520845e+05
4.605834546959496220e+05
4.029861721105776378e+05
4.119727257814134355e+05
4.221434751308303094e+05
4.842638024027866195e+05
5.054836217834209092e+05
4.877825565483133541e+05
3.650935562929494772e+05
5.152184227306660614e+05
4.350910430694530951e+05
4.444173172951473389e+05
4.673913270169936586e+05
4.103799836573874927e+05
4.012004914865840692e+05
4.889999161198028596e+05
5.124447091819025809e+05
5.420665552847697400e+05
